{leg_left_1_joint: 0.0, leg_left_2_joint: 0.0027897254209611703, leg_left_3_joint: 0.002207011515460204,
  leg_left_4_joint: 0.0, leg_left_5_joint: -0.0013745497624806135, leg_left_6_joint: -0.011098910050048708,
  leg_right_1_joint: 0.0, leg_right_2_joint: 0.0027897254209611703, leg_right_3_joint: 0.002207011515460204,
  leg_right_4_joint: 0.0, leg_right_5_joint: -0.0030394732684397947, leg_right_6_joint: 0.006674681416210656}
