{leg_left_1_joint: 0.0, leg_left_2_joint: -0.0037333415650947113, leg_left_3_joint: 0.013373353142233362,
  leg_left_4_joint: 0.0, leg_left_5_joint: -0.006554891597694202, leg_left_6_joint: 0.00678280723868274,
  leg_right_1_joint: 0.0, leg_right_2_joint: -0.0037333415650947113, leg_right_3_joint: 0.013373353142233362,
  leg_right_4_joint: 0.0, leg_right_5_joint: -0.020191814686772523, leg_right_6_joint: 0.0023409445443306233}
